30
0 1 10
1 0 10
1 2 20
1 6 30
2 1 20
2 3 20
3 2 20
3 4 10
4 3 10
4 9 30
5 6 10
5 10 10
6 1 30
6 5 10
6 7 10
7 6 10
7 8 10
8 7 10
8 9 20
8 13 10
9 4 30
9 8 20
10 5 10
10 11 10
11 10 10
11 12 10
11 16 30
12 11 10
12 13 10
12 17 10
13 8 10
13 12 10
13 14 10
14 13 10
15 20 10
16 11 30
16 21 20
17 12 10
17 18 20
18 17 20
18 19 30
19 18 30
19 24 10
20 15 10
20 21 10
20 25 10
21 16 20
21 20 10
22 23 10
23 22 10
23 24 30
24 19 10
24 23 30
25 20 10
25 26 20
26 25 20
26 27 10
27 26 10
27 28 20
28 27 20
28 29 30
29 28 30
*
0 50 50
1 175 50
2 300 50
3 425 50
4 550 50
5 50 150
6 175 150
7 300 150
8 425 150
9 550 150
10 50 250
11 175 250
12 300 250
13 425 250
14 550 250
15 50 350
16 175 350
17 300 350
18 425 350
19 550 350
20 50 450
21 175 450
22 300 450
23 425 450
24 550 450
25 50 550
26 175 550
27 300 550
28 425 550
29 550 550